731.6029863357544
525.3218454122543
415.173139333725
341.45388877391815
285.37307447195053
249.61824584007263
227.96529147028923
209.10587975382805
198.71366262435913
193.24198612570763
185.292782664299
177.58160127699375
173.05916522443295
168.65681767463684
162.1723858565092
160.59375415742397
154.8201202750206
153.74922186136246
147.76697905361652
148.57188613712788
147.92708794772625
144.31467962265015
141.71029137074947
142.02235704660416
139.44584894180298
135.96274416148663
135.2304421812296
137.34411399066448
132.63382436335087
131.84255945682526
130.10160978138447
130.65622264891863
130.38085961341858
128.47239477932453
127.10752730071545
126.47976092994213
123.62359473109245
125.55823491513729
122.65712404251099
122.86804096400738
122.4998067766428
122.59194166958332
122.50078646838665
119.37248481810093
116.9030239135027
119.65490964055061
118.40795256197453
115.05611224472523
116.81755013018847
113.35239338874817
