726.3098196983337
532.8803540468216
436.0153933763504
372.9880038499832
314.4209483265877
266.61504620313644
242.3896705508232
219.1298411488533
207.96670588850975
197.31052672863007
189.5643157362938
182.6228035837412
175.88404220342636
171.68601514399052
166.44537141919136
165.34540946781635
160.11432053148746
158.32674264907837
154.76482328772545
150.91131301224232
148.80390436947346
147.64501126110554
144.06873327493668
141.8928992897272
141.726428180933
140.2921602576971
138.91393499076366
137.76212164759636
137.7838165909052
133.7478723078966
134.91811311244965
132.7763519436121
131.89796045422554
133.5483740568161
129.2844993174076
130.36228762567043
129.6896888613701
126.68945963680744
126.65953400731087
126.73117445409298
124.3254037797451
122.8063277900219
121.96524828672409
121.62998822331429
121.45966038107872
121.80675132572651
120.92530225217342
119.45776098966599
117.07071025669575
119.08448879420757
